16
5000
32
40
10
0
0
5000
2
5000
2
0
14
2412
35
0
2417
35
0
2422
35
0
2427
35
0
2432
35
0
2437
35
0
2442
35
0
2447
35
0
2452
35
0
2457
35
0
2462
35
0
2467
35
0
2472
35
0
2484
35
0
1
0
5000
2
5000
2
0
16
5180
35
0
5200
35
0
5220
35
0
5240
35
0
5260
35
0
5280
35
0
5300
35
0
5320
35
0
5500
35
0
5520
35
0
5540
35
0
5560
35
0
5580
35
0
5600
35
0
5620
35
0
5640
35
0
2
0
5000
2
5000
2
0
9
5660
35
0
5680
35
0
5700
35
0
5720
35
0
5745
35
0
5765
35
0
5785
35
0
5805
35
0
5825
35
0
3
0
5000
2
5000
2
0
2
5220
35
0
5560
35
0
4
0
5000
2
5000
2
0
2
5320
35
0
5560
35
0
5
0
5000
2
5000
2
0
2
5700
35
0
5720
35
0
6
0
5000
2
5000
2
0
2
5640
35
0
5280
35
0
7
0
5000
2
5000
2
0
2
5620
35
0
5720
35
0
8
0
5000
2
5000
2
0
2
5320
35
0
5220
35
0
9
0
5000
2
5000
2
0
2
5200
35
0
5700
35
0
10
0
5000
2
5000
2
0
2
5300
35
0
5765
35
0
11
0
5000
2
5000
2
0
2
5640
35
0
5300
35
0
12
0
5000
2
5000
2
0
2
5520
35
0
5200
35
0
13
0
5000
2
5000
2
0
2
5765
35
0
5785
35
0
14
0
5000
2
5000
2
0
2
5825
35
0
5805
35
0
15
0
5000
2
5000
2
0
2
5765
35
0
5680
35
0